412 1 INDEX SCRIPTORUM

78 : 353, 10. 354, 4.
144 ; 206, 9.
207 : 225, 21.
305 ι 348, 3.

Ι 1 : 265, 23.

5 : 96, 19. 290, 12. 323,11.

147:89, 11. 95, 9. 186, 8.
457 ι 183, 20. 278, 4.
537:318,14. 328,10.
616185, 20.

K4z265, 32.

277 :319,23.
299:319, 10.

475ι293,14,340,25.351,23.

Λ 130 : 265, 7. 355, 12.
200: 5, 12.
282 : 321, 16.
414: 265, 6.
423 : 265, 26.
429 : 265, 25.
614: 197, 8.

680: 292, 27. 294, 3. 328, 6.
341, 9. 342,1Ο. 351, 8. 30.

Μ143. 144· 7, 21. 22.

208: 205, 4. 290, 7. 291, 5.
323, 9. 24. 326,7. 327,16.
341, 26. 348, 2. 349, 7.

23. 350, 25.
N 126 : 265, 19.
275 : 5, 1.
428 : 265, 9.
452 : 321, 7.
682: 10, 4.

Ξ1 :8,1. 204,9. 248,22. 327,

12. 341, 23.
31:10, 4.
83:329, 15.
156 ε 288, 4. 319, 5.
376 : 319, 18.
421 : 7, 19. 204, 14. 25.
459 : 204, 12. —
489 : 4, 9. 193, 4.
Ο 244 : 5, 12.
395]ss ε 7, 21.
Π21 : 348, 14.

235 ε 5, 5.
358: 205, 25.
P 51 z 292, 21. 327, 22. 342,6.
351, 5.
461 : 321, 21.
Σ 255: 265, 13.

418 : 265, 15.

493 ε 320, 15.

534: 265, 11.

588 ε 265, 10.

Τ 201 2 207, 7.

287 : 5, 17.
‘I’ 295: 206,1.
Φ 308 :319, 14.

352: 89, 8. 95, 7. 186, 6.
X59: 293, 23. 341, 6. ¹
²152: 289,12. 322,16. 325,12.

327, 9. 341, 20. 347, 15.
348, 23. 349, 13. 350, 17.

65: 265, 8.

485 : 235, 21.
⁴52 6 z 325, 20.

80: 198, 4.

108 ε 318, 18.

571 : 207, 4.

762: 319, 7.

769 ε 287, 30. 319, 2.
οε 1 : 3, 7. 187, 13. 196, 19.

354, 10.

2 : 3, 8. 187, 18. 196, 17.
282, 26. 283, 19. 312, 21.
313, 14. 315,14. 339, 27.

183: 9, 1.

351 sq. : 81, 8. 9.

γ 278 t 348, 18.
ὃ 90:291, 29. 324, 12.

229 : 199, 16.

392 : 207, 11.

682 ε 289, 6. 322, 12.

ε 80: 197, 6.

231 : 290, 3. 323, 7.
ζ 151s2 : 206, 22.

η 119 : 290, 29. 324, 7.
θ 452: 324, 10.
550 : 321, 11.

