s* 2⁶-<ae- ο- „ ’ν-νκτ ‹vnn-W vwwwnmmwwmwrffiw ι ·- , ,ο -

ἱ ...π-8)- ν,

1 INDEX sempromm 411

9: 351, 20. 180: 288, 3. 319,4. 351,32.
11: 352, 23. 237 : 287, 8. 328, 12. 350,9.
15 : 10,10. 108, 1. 319, 27. 376, 34.
348, 11. 249 : 350, 22.
17 : 272, 25. 289, 22. 308 : 330,-10.
18: 105, 15. 272, 18. 363 : 292,18. 327, 19. 3423.
33 : 207, 4. 350, 31..
34 : 265, 5. Δ 76 z 205, 8.
51 ε 206, 25. 109 : 3, 9. 187, 20.
70 : 205,10. 289,14. 350,15. 129 ε 206, 25.
84: 131, 5. 329, 26. 155 : 319, 14.
98:197, 16. 338 ε 206, 21.
108: 197, 10. 350: 329, 15.
111. 265, 24. 442 sq.: 281,16.17. 311‚5.6.
139 : 89, 21. Ε 5:319, 22.
145 : 197, 23. 31. · 319, 20.
- 152: 265, 31. 121. 265, 4.
193 : 205, 14. 291, 27. 324, 203. 207, 6.
14. 349, 31. 349: 8, 18 209, 6. 287, 3.
214: 125,19. 293,20. 341,3. 289 ,.8 318, 15. 325,16.
353, 7. 30. 328, 8.
350 : 10, 4. 638 : 265, 14.
357 z 293, 8. 340, 16. 827: 207, 2.
374: 10, 10. 319,27. 348,11. Ζ 3:265, 22.
402 : 10, 2. 6 : 330, 6.
Β 1 : 14, 18. 293, 17. 340, 22. 81 ε 205, 18.
2:14, 9. 273, 17. 112 : 319, 16.
44 : 206, 12. 207, 10. 139 : 206, 20.
104 : 265, 20. 194 : 8, 5. 204, 16.
335 : 265, 17. 240 :206, 6.
441 :273, 12. 366 ε 205, 21.
484 : 354, 2. 377 : 95, 22. 197, 14.
544: 9, 5. 289, 19. 322, 21. 443 : 206, 2.
350, 5. H 1:260, 7. 265, 27. 292, 15.
731 : 347, 18. 327, 6, 341, 18.
Γ 1:265, 3. 47 : 5, 12.
9 : 265, 29. 83:206, 1.
71:207, 9. 131 : 206, 13.
92 ε 207, 9. 155 ε 265, 12.
95 : 208, 24. 159 : 287, 22. 318, 22.
152: 10, 8. 287, 26. 288, 6. 284 ε 197, 20.
319, 28. 353 : 206, 4.
164: 283, 4. 312, 25. 313, 425: 206, 14.

18. 315,12. 340, 4. 474. 206, 15.
172 : 326, 2. Θ 1; 265, 2.

