11 mnnx nmmum m· RERUM 423

Ιξέλεκυς. ποίημα Σιμμ. 140,16.

πενθημιμερές 22,1. 32, 5. 44,8.
242, 23. 278,12. 284,1ο. - π-ὴς

, τομή 229,19. 329,1.19. 352,11.

πεντὰς ἐπῳδική 67, 4.

(περιγραφή 69, 25.)

περικοπή. κατὰ π. ἀνομοιομερ.
61,13. 68,1. 72, 9. 73,19.

περιοδικόν. ἔπος 293, 9. 340,17.
351,15.

περίοδος 61, 15. 65, 13. 69, 25.
120, 2. 168,19—28. 169, 3.
236, 19. — κατὰ περ-ν 353,
26. 354, 3.

περιορισμός 70, 3. 75, 15.

περιττεύειν 14, 7. 8.

περιττός 15, 17.

περιῳὸικά 61,6. 67, 20. 170,21.

. 171, 23.

περσικός. πούς 218,19. 302, 26.
Πινδαρικόν44,13. 51,14. 362,12.
Πίνδαρος 67, 10. 407, 9.
Πλάτων 84, 15.
Πλατωνικόν 51, 9.
Πλειάς. τραγικῶν 30,21. 140,9.
236, 7. 279, 6. 387, 9.
πλεονασμός 288, 22. 322, 9.
ποίημα 58, 13 sqq. 62, 15 sqq.
-85,12. 166,15. 179, 21.— βι-
’ βλίον περὶ ποιήματος 180, 23.
πολιτικόν. ἔπος 294, 1. 341,6.
351, 6. 29.
πολυθρύλητος 38, 19. 40, 17.
πολυσχημάτιστον 34, 4. 54, 20.
- 56, 5 sqq. 162, 2.
πομπευτικός.πούς216, 21. 302,5.
ποσότης. μέτρου 355, 5.
πούς. κατάλογος ποδῶν 10, 1 l—
12, 23. 213,1-219, 28. 294,
17- 303, 31. 332, 12-334, 7.
3ο7,1-309, 18. 337, 1-339,
16. — ὅρος (85, 3). 109,1ο.
211,13. 294, 7. 332, 7. 307,3.

337, 8. 356, 6. — ὄνομ. 298,
11. 331, 6. - πόδες οἰκεῖοι
96,12.

πραγματεία. ἠ κατὰ πλάτος
Ἠφαιστίωνος πραγματεία 229,
Πραξίλλειον 24, 8. 35, 17. 130,
19. 145, 27. 379, 34. 380, 32.

Πριάπειον 33, 19. 56, 10. 162,
22. 163, 5. 241,11.

προκαταληκτικός 53 , 15 —— 23.
159,15.
προκελευματικός sive προκελευ-
σματικός 11,17. 24,14. 27, 22.
110,14. 213, 2. 217, 21. 302,
11. 308,16. 338,15.
προκέφαλον. ἔπος 289, 4. 290,
16. 322,10. 323,15. 325,15.
328, 7. 349, 29.

προκοίλιον. ἔπος 289,17. 325,
19. 348,13. 350,1.

πρόσθεσις 77, 7. 258, 17. 261,
18. 266,17. 368,7 (403, 9).

προσθήκη 78, 15.

προσοδιακόν 48, 2-22. 153,18.
154, 13 sqq. —- προσοδιακός.
πούς 216, 20. 302, 5.

προῳδικά 61, 3. 67,12. 170,19.

προῳὸός 71, 9.

πρωτότυπον 86, 20.

Πτέρυγες. Σιμμίου 31,8. 387,10.

οἱ Πτολεμαῖοι 241, 12.
Πτολεμαῖος ὁ Φιλάδελφος 99,9.
14ο,1ο. 190,17. 236, 5. 279, 5.

Πυθία 85, 6. 177,7.

πυθικόν 125, 13. 374, 26.

πυρρίχη 213, 6ς cf. πυρρίχιος.

πυρριχιακόν 28, 4.

πυρρίχιος 10,15. οὐκ ἔχει μέτρον
116, 3. ὀνομ. 213, 2. 298, 23.
332,17. 307,11. 337,11. 367,16.
Πύρρος 213, 7. 299, 1. 300, 22
334. 2; cf. ἴαμβος, μολοττός.

