420

ἰαμβοποιοί 16, 1. 20, 2. 115, 9.
16. 124,14. 367, 24.

ἴαμβος 4, 10. 10, 18. ὀνομάζ.
78, 7. 214, 8. 281, 3. 299,17.
307,14. 337,14. 310,21. 333,1.
366, 22. - εὐσεβής 116, 10.
παράλληλος 302, 17.

ἰδέα 60,11. 61, 6. 62, 9. 11.
ἰθυφαλλικόν 19,6. 22, 9. 27, 8.
47, 8. λέγεται 124, 2. 210, 15.
373,1.

Ἰήιε 70, 15.

Ἰλιάς 182, 6.

ἴππειος. πούς 217, 20. 219, 13.

303, 27.

Ἴππωνάκτειον 32, 19. 389, 22.

Ἱππῶναξ 17, 2 (εὑρετὴς τοῦ χω-
λοῦ). 4,14. 194, 20 (τῆς αι καὶ
ὂῖ ὃιφθόγγου πολλὴ ἡ χρῆσις).
214,12 (χωλίαμβ.) 227, 22. 299,
27. 370, 113 cf. ἴαμβος.

ἰσάριθμος 217, 22.

ἴσος. λόγος 109,14.110,11.
210, 21.

ἰσόχρονος 292, 8. 326, 22. 341, 12.
”.Ιωνες εὑρεταὶ τ. ἰων. 77,15.
218,18; cf. ἰωνικόν.

Ἰωνικός 218, 17.

ἰωνικόν. ἀπ’ ἐλάσσονος 11, 27.
37, 9 sqq. 147, 14 sqq. 244,
13 sqq. 393, 19 sqq. ὀνομάζ.
302, 21. 308, 28. 339, 7. — ἀπὸ
μείζ. 12, 3. 35, 1 sqq. 145,88qq.
242, 1 sqq. 390, 34 sqq. ὀνομάζ.
302, 24. 308, 26. 339, 5.

καθαρόν 28, 8. 29, 3.

καθολικός 374, 17.

Καισάρεια 193, 1.

κακομετρία 106, 6.

κακόμετρον 353, 26.

κακοφωνία 102, 8.

κακόφωνον 102, 14. ἡρωϊκόν
292, 22. 328,1. 342, 7. 351,1.

II INDEX NOMINUM ET RERUM

Ιίὸοὲἱΐιιὲἒὶχειον 123, 20. 374, 2.
, .

Καλλίμαχος 199, 8. 246, 5. 374,1.
κανών 44, 1. 45, 3. 13. 46, 1.
10. 19. 226, 7. 403, 11.

καρικός. πούς 12, 15. 219, 13.
303, 27.

κατάκλεις 16, 6. 20, 14. 29, 5.
30,11. 45, 20. 100, 7. 118, 5.
145,10. 228, 8. 278, 8.

καταληκτικόν 13, ὀεᾳᾳ. 112,
20 sqq. 220, 21 sqq.

κατάληξις 113,16. 220,9. 1369.
137,19. 70,8 (17314). 211, 20.

καταμετρεῖν 22, 12.
κατενόπλιον. ἡρωϊκόν 293, 6.
340,14. 351,12.

κεφαλὴ ἔπους 290, 20. 323, 17.
Κλεομάχειον 35, 12. 145, 22.
392,13.
Κλεόμαχος 243, 26. 392, 14
κλιμακωτόν. ἡρωϊκόν 351, 31.
κοινά. γενικά 59, 7. 63,11. 15.
(30,11. κατὰ σχέσιν 62‚11.68,17.
κοινὴ συλλαβή 3, 3sqq. 97,
16 sqq. 98, 5. 188,11 sqq. —
κοινῆς κόσμον 105, 17.
κόμμα 58,18. 63, 3. 64,3. 262,5.
κομμάτιον 72, 17. - 75, 21.
Κόριννα. ἐν πέμπτῃ 211, 3
(389,15>.
κορωνίς 73, 1418. 74, 3. 6.

κουκούλιον 285, 12. 317, l.
343,10.
κονρητικός. πούς 218, 9. 11.

303,16.18.
κρᾶσις 107, 4sqq. 108, 5.
Κρατίνειον 54, 12. 19. 58, 5.

165, 3.

Κρατῖνος 384, 7.

κρητικόν 40, 3sqq. 150, 27—
151, 8. — 11,13. 216, 2. 301,
20. 302, 20 (ξε- ὃιτρόχαιος).

